0 1
1 3
2 9
3 39
4 249
5 2559
6 32589
7 543099
8 10242789
9 233335659
10 6703028889
11 207263519019
12 7628001653829
13 311878265181039
14 13394639596851069
15 628284422185342479
16 33217442899375387209
17 1955977793053588026279
18 119244359152460559009549
19 7977565910232727614888639
20 565918396036931688582304029
21 41295598995285955839203627499
22 3258940366335958863738288181629
23 270323456055611810219362306174419
24 24039065352401162580869899907532729
25 2329607029297919587333972047239288799
26 235191971387795280487397288927746651869
27 24220015500313023453193918927620005048079
28 2590596133095312437932791734267691653442549
29 282325592950950248616208953606335501328439779
30 31892380233368558036761415245149997994603126769
31 4046369319566404747131202614271195134640488374499
32 529942848372194145518502999686683108035251455827129
33 72577760478582194631196439198607115175418953996837439
34 10087224411077772262140429570848547172541753607197270529
35 1502269575350357092321016166186689615720125616934061800939
36 226821804567181534421211252395178690966405288979290605892849
37 35601988798284676375056978340346922903023975936869268028322719
38 5801754208774236335398687013676481229468407991542935587884391529
39 968749174944758163392344902914810910425887538597756011003847882799
40 167558652962269977544244040253811067161406397133472618057965531872509
41 29987151430893484246716697508064240936086917614616072924464106966030599
42 5427333444236443266966930775181752047211604447978966728383975706548644889
43 1036320475370096451766527819610856123045835452747569941921150691226827974279
44 199998696867061078092181779364896009725780238174568628154125126786640738546549
45 39395586846030184461253986333786071269464457574373317095958308417583181121283739
46 7839317628529491737710453092663599947957461247477924262188990783286094717285984549
47 1653622868423739879473291464528254327929124783917127173676818842980542028848037855459
48 368663354695755656344507857014664986667729437739248909793139275882968615340005705068389
49 83679872479500100693907354236895703227802400478599563564411117023960261256972796162403499
50 19161946762059695114295799175229653460447642068835611619471928021333660276190881810892143689
51 4464398132034245133283536593466542210892670284796019420645923366725493763755791682242921607959
52 1066875846412086564855732086429090243437193881896592949777967817217019758495380382985497963568489
53 257108034881904695617965832596814402238975785880339653165892544235137937558816906887069963076056219
54 64523438952790549567948601060703527713119162377489547767410651225133288305439520059412270706310476449
55 16580970484855312281756921854684128848609327116421056033128313632215957932850780230258388861717556475559
56 4360406543557218527847456887557644988244312019029879041683045797632802839448275387012589232297675254241489
57 1172849485700022923515020747661654116165688336143750077181510848993790673967097494611459586116570295953276659
58 317833389937102228975038982547441797805253018873942923773074845515152573749560035904436595741754450505391807729
59 88032803094975513305247176401086541599682443577844314037535528548041135485688803975425999310853447268519864914119
60 24735939290210769025737717791010573585927172990648518597004785018957842333740616350980985122257239129130586807809709
61 7000093475143980333044126901725495407130606997811649340676736390804931581439885112153554216916084387096095531647261679
62 2050779851480298462590432157794529551635721795670364890210038096886095237139540222382307511132507438741416824369606688889
63 629491165559062724515608557641885374813813216718144209837103975768940219043476343764319572284219053225517880577623150842359
64 195763451120617197227004245583194138251351014137607509988321118591777772722814222245306808916714134792912998107839475382571529
65 61272692917053813296505947634581049288607494902375978998653817693402542346403057689428105973723277761315094309240799223913801739
66 19422659333617876976767931001946901131951505107473939740905616231908414912203040236786375441217403947368846569938389039508313778309
67 6428041637405590344085809623979324848493370614868661544932110175337077509334749946517875943406875705587461765003186456573644706022979
68 2166132637247660311759832860157355693109291610604388884494368046593779062329733057363245060347833723358298775277007785215577608892476769
69 751583627314006048643024059395238955479606280886967906247948637983793147795007945730967578048683949858849124563942603554589953181591941899
70 262298289269502683576254239120138717280967055538337835466093488846066372835499704168818879790977988481145147324808235527066247028053705272269
71 92588285380962105850823013155562586566178036643418494084091569182299217002595257470918851890955022488025208412011043637526681194457909710892879
72 33237617651298606642892409464158401364320226018692394587340637343131980293086348295734180702898846997824343920434369552955388447321776215728691869
73 12197463394943074151737154636982200232800055835430666620812492936382664935215823713338351280022795201946253311232639942472610656616047594524260921199
74 4549453678324775352471896965501211803358329438146097053002794300478128457121396860874234529326344135597710258118685318641504025683550777823606782461289
75 1724169559136731208835812465283044231387933965333888657491773899358799783695684009944853886008882132145592268080143250545574410320891813534645882446155399
76 660338669949706395232955250130902020732280402513403289305541107136695993740065164821109060402678748939973507913915551732460877521385656449397577461640999529
77 256861379321881305700615416502056683879579450667712400141396731736460864442767793200363985395387256937185032694143889451197513787725579099800077961768435366099
78 101968674518138726229937452533516592081841906045951714150421599411578155738706775823310885890384264797670473529627443527538823519138790376110020190531565798894389
79 40888405743183693540848909136456345286664734870754836416012782874028097800318573995897630169790924158631719160799880598400676851664915773977208285331020308573738679
80 16722541166827395612720008327860893281371067957436688679477718544192184632433484267006294217285111740736757632254333420941514130363287702066826398727790916103485053289
81 7006335048061112189748787804773399969500736018212562968922332432536499772643729909638362464218604533886971515218444886824706051151733235158770637194118487254171325874879
82 2949633200450555010521033330108345351057853380075620726951164167023297994325399524990979310034774081257451804459004667869809576137148481114431074982053601645580732311764269
83 1271221812188925425191304671062947856270137842968818539403297394875641502146563147205048927712944184549113894803230866773536288583201746817080794247616490842884328517230091359
84 550433075314198544213470619809382456084231773334894502326261215291707323900065507892670140586172718917130953713271447158527121698642172826290516047998327816299262119386865721329
85 241632486762696421192268089965531646568159389754290269684756887172000815896586482251151845378650013826520558634020818399238351116714530476715128592444560599691649112311156907278159
86 107040982270273021054280464460120494648217454375317521475501524185994135913596669099514966475840931624494839021010264118170600380908753049099470396436121647040471632747265285316953849
87 48059949035066408781310880634659698882388750902893208332887230041357132794780933764250967735553405374814569828627943505715512151757534047910716585658247133458950684284841668941261338659
88 21962538929162900451218577158415867022079812536875569309148047162388567499897153986248464883204000355912678840078996434915700601130875293799669738260305879531501917866291984139707845196829
89 10124537348768094394014798331215552443016092177870279251784936775974452546734091131181471079914158044553868107425498870974918826620504162539360578730272864415029309788771584663163103003813199
90 4687616674304193375913952224459669787128243817327236184238075118215960074932165902572569541839245880508207231542474900782996366173590336157234061442032087466350514354017922095050995061443192509
91 2189076444632487799845724730226447797385129591462081113812835589850689245728928821845700798586447160271034327955710545593697012277208501877679659364603979506570222030009031210446168519652633330279
92 1048511325036602435298885087393178760916827775113299188497911045146705393073993327018604122510953638153333046154832216407499510633662931130266921379579176793257324678028760396330631462798832709322109
93 510607446389325966867331054704250955250085396144247970484553739099334946157438755248839955496433775651774532805843690571155630744248509851155827639124076137089874744749420675209860869776759529717343319
94 250704044562955403902995126336581419211431852465389371576847965313705761161460536858863123480092539384339783614813073142752488066449138347583706140051672083642729027999802850848653207881931461760655757429
95 125097229165729428294030764971993288379046133620018706051152190341042312442597706490562390602253549238119656315536420569781237373483189167376126312033913127828956666502271464507396883366947127874998924398319
96 62922899365112465292028298997337316889175901122699336995877549405332531473205029421203436712425302268701983871872104991378939134738103423768733057076646225367721867216060917277751156653376740923733848050765989
97 32027004186562001019932770829271287029694775090564072346517513731836000514301282772210056466520357100475808869590165507533240308893329802835859410816264313155473213336941411636218824879588361783015888053371910019
98 16685313354816140937987759629101999087401411952789519410307289964778214019567729786765202484996452823966378496328821028231843013953119605196535102523353038783740434269063849136204518234528715568713028229025687949649
99 8726354074734085924972161206505738638681809495889343161163791281862033917984510837375100242606151132994833484037506562233045854629883461636101239250380086086899675066414236589085425109481022244793109482557546976676139
100 4720657153980919039087459995966766160659256582905564863349798630898277369763018732042664356948150833105433937581814664554037426138848198500355546183240872665117620311056952688901613764973834021555191591274287564177707229
