1 16
2 18
3 25
4 45
5 50
6 80
7 234
8 250
9 261
10 425
11 1025
12 1040
13 1530
14 1625
15 1746
16 2320
17 4250
18 7605
19 7794
20 9650
21 10413
22 11050
23 11925
24 14416
25 23425
26 24050
27 27920
28 71298
29 75650
30 78416
31 81693
32 129625
33 151625
34 200720
35 221425
36 257085
37 264618
38 338949
39 340245
40 416050
41 488610
42 518425
43 537650
44 559890
45 921680
46 1009625
47 1687626
48 1694970
49 1806050
50 2356250
51 2663440
52 2795600
53 2911250
54 3348909
55 3553250
56 3837501
57 4730960
58 5083025
59 6834425
60 7762625
61 8732061
62 8989074
63 11110480
64 12342425
65 15802146
66 15811029
67 22953690
68 24354250
69 31081040
70 40768250
71 41099425
72 41731625
73 46645625
74 65300560
75 75533706
76 90478160
77 94459625
78 136389200
79 157326858
80 166926425
81 296631765
82 319131650
83 376282629
84 514520010
85 741537765
86 759162625
87 1078334253
88 1144130650
89 1405494025
90 1501125050
91 1945082178
