1 64
2 81
3 100
4 324
5 225
6 576
7 2025
8 1225
9 8100
10 8100
11 44100
12 69696
13 13689
14 8100
15 342225
16 18496
17 189225
18 272484
19 1703025
20 3744225
21 93636
22 55225
23 15824484
24 13017664
25 21996100
26 5832225
27 2005056
28 641601
29 378225
30 627264
31 741690756
32 2592100
33 37088100
34 2518433856
35 1961604100
36 9253764
37 1945603881
38 76212900
39 515199204
40 1731808225
41 4397409
42 2592100
43 11563776225
44 34831876689
45 2125578816
46 1632968100
47 379665225
48 12771938169
49 81270225
50 55523853225
51 21307456
52 488466801216
53 1178892225
54 30140100
55 17766225
56 1636275888900
57 340623936
58 1033495892100
59 11069144100
60 349316100
61 314352900
62 2244558294225
63 308629135936
64 6093442880100
65 24032750625
66 164389702500
67 206583129
68 121771225
69 71854019136
70 16620583617225
71 40276476100
72 834632100
73 515078936100
74 63210005056
75 16995033225
76 723825216
77 14276382128100
78 9820017216
79 1415941641
80 834632100
81 10678742244
82 3524687082225
83 84663540900
84 782582621769
85 7714850663844
86 3192261156100
87 9705008196
88 5720653225
89 344345976100
90 607955481225
91 14722269715521
92 24588748864
93 150105879225
94 66519115569
95 39209940225
96 2189911627225
97 362762880804
98 12145671084096
99 268748928100
100 645186465225
101 3789816095025
102 21036991292100
103 1668375222336
104 455928800625
105 268748928100
106 18879589854225
107 835293635136
108 12323259202500
109 3124982488644
110 1842032556225
111 21418948619721
112 12625478965225
