1 1
2 2
3 5
4 14
5 48
6 173
7 714
8 3114
9 14936
10 80434
11 447839
12 2724103
13 17442771
14 114379899
15 784149081
16 5708691485
17 43849291330
18 342473913399
19 2803269796341
20 23620771158594
21 201815957246321
22 1793779464521955
23 16342108667160301
24 154171144824008979
25 1518409682511777986
26 15259828451149028592
27 154870344252620644112
28 1601991297602767695616
29 16725280171580233835520
30 177792166982737481302016
31 2003615966030675297828864
32 22932432907404912774610944
33 268417245403886075428995072
34 3164592651606078362899972096
35 38628776202971785578328096768
36 474678348981529994218224746496
37 5947702665207592136744636514304
38 75935184334904670452025487523840
39 981298843745361766135053357678592
40 12906971131420617668512159826444288
41 172683504649202710900793135027191808
42 2323218950681478446501166393468125184
43 32107524693221992575879973306426720256
44 446051988440463049150130376216368119808
45 6260637998571960508023929892071219920896
46 88317167310118487251102288986059814469632
47 1282880957374927437106247258598468581588992
48 19157498057610025932095225454799330989834240
49 288636811797809922093726241541081718407036928
50 4367867544875896876469578553573519399495663616
