1 1
2 1
3 2
4 3
5 4
6 5
7 6
8 7
9 9
10 10
11 12
12 13
13 15
14 17
15 18
16 20
17 22
18 24
19 25
20 27
21 29
22 31
23 33
24 35
25 37
26 39
27 41
28 43
29 45
30 47
31 49
32 51
33 53
34 56
35 58
36 60
37 62
38 64
39 66
40 69
41 71
42 73
43 76
44 78
45 80
46 82
47 85
48 87
49 89
50 92
51 94
52 97
53 99
54 101
55 104
56 106
57 109
58 111
59 113
60 116
61 118
62 121
63 123
64 126
65 128
66 131
67 133
68 136
69 138
70 141
71 143
72 146
73 149
74 151
75 154
76 156
77 159
78 162
79 164
80 167
81 169
82 172
83 175
84 177
85 180
86 183
87 185
88 188
89 191
90 193
91 196
92 199
93 201
94 204
95 207
96 209
97 212
98 215
99 217
100 220
101 223
102 226
103 228
104 231
105 234
106 237
107 239
108 242
109 245
110 248
111 251
112 253
113 256
114 259
115 262
116 265
117 267
118 270
119 273
120 276
121 279
122 281
123 284
124 287
125 290
126 293
127 296
128 298
129 301
130 304
131 307
132 310
133 313
134 316
135 319
136 321
137 324
138 327
139 330
140 333
141 336
142 339
143 342
144 345
145 348
146 351
147 354
148 356
149 359
150 362
151 365
152 368
153 371
154 374
155 377
156 380
157 383
158 386
159 389
160 392
161 395
162 398
163 401
164 404
165 407
166 410
167 413
168 416
169 419
170 422
171 425
172 428
173 431
174 434
175 437
176 440
177 443
178 446
179 449
180 452
181 455
182 458
183 461
184 464
185 467
186 470
187 473
188 476
189 479
190 482
191 486
192 489
193 492
194 495
195 498
196 501
197 504
198 507
199 510
200 513
201 516
202 519
203 522
204 526
205 529
206 532
207 535
208 538
209 541
210 544
211 547
212 550
213 554
214 557
215 560
216 563
217 566
218 569
219 572
220 575
221 579
222 582
223 585
224 588
225 591
226 594
227 597
228 601
229 604
230 607
231 610
232 613
233 616
234 620
235 623
236 626
237 629
238 632
239 636
240 639
241 642
242 645
243 648
244 651
245 655
246 658
247 661
248 664
249 667
250 671
251 674
252 677
253 680
254 683
255 687
256 690
257 693
258 696
259 699
260 703
261 706
262 709
263 712
264 716
265 719
266 722
267 725
268 729
269 732
270 735
271 738
272 741
273 745
274 748
275 751
276 754
277 758
278 761
279 764
280 767
281 771
282 774
283 777
284 781
285 784
286 787
287 790
288 794
289 797
290 800
291 803
292 807
293 810
294 813
295 817
296 820
297 823
298 826
299 830
300 833
301 836
302 840
303 843
304 846
305 850
306 853
307 856
308 859
309 863
310 866
311 869
312 873
313 876
314 879
315 883
316 886
317 889
318 893
319 896
320 899
321 903
322 906
323 909
324 913
325 916
326 919
327 923
328 926
329 929
330 933
331 936
332 939
333 943
334 946
335 949
336 953
337 956
338 959
339 963
340 966
341 970
342 973
343 976
344 980
345 983
346 986
347 990
348 993
349 997
350 1000
