1 8
2 9
3 10
4 18
5 15
6 24
7 45
8 35
9 90
10 90
11 210
12 264
13 117
14 90
15 585
16 136
17 435
18 522
19 1305
20 1935
21 306
22 235
23 3978
24 3608
25 4690
26 2415
27 1416
28 801
29 615
30 792
31 27234
32 1610
33 6090
34 50184
35 44290
36 3042
37 44109
38 8730
39 22698
40 41615
41 2097
42 1610
43 107535
44 186633
45 46104
46 40410
47 19485
48 113013
49 9015
50 235635
51 4616
52 698904
53 34335
54 5490
55 4215
56 1279170
57 18456
58 1016610
59 105210
60 18690
61 17730
62 1498185
63 555544
64 2468490
65 155025
66 405450
67 14373
68 11035
69 268056
70 4076835
71 200690
72 28890
73 717690
74 251416
75 130365
76 26904
77 3778410
78 99096
79 37629
80 28890
81 103338
82 1877415
83 290970
84 884637
85 2777562
86 1786690
87 98514
88 75635
89 586810
90 779715
91 3836961
92 156808
93 387435
94 257913
95 198015
96 1479835
97 602298
98 3485064
99 518410
100 803235
101 1946745
102 4586610
103 1291656
104 675225
105 518410
106 4345065
107 913944
108 3510450
109 1767762
110 1357215
111 4628061
112 3553235
